20
824135927 921 718 804065754 811 478
362006433 999 864 502072972 911 740
850023286 525 629 436689733 652 740
733632226 529 572 390220338 905 610
689856909 720 728 293558170 666 490
679401102 662 721 666405100 742 615
448172373 737 447 198811194 663 823
664294087 813 878 92779127 879 851
923527402 810 561 863827464 635 601
476680160 540 622 555499935 851 601
940233904 626 504 972701771 865 314
752117908 940 916 844137979 821 785
92254736 569 558 756503726 903 462
429628313 962 585 755424898 515 411
548734485 567 876 48343338 546 838
611609397 661 420 611609388 661 420
86877071 868 425 86877067 868 425
908404907 533 684 908404907 533 684
618379982 807 742 618379982 807 742
4636921 823 334 4636917 823 334
