5
9 5 14 3 27 3
0 9 1 1
1 39 1 3
2 22 2 0
3 7 3 1
4 41 3 4
5 49 4 1
6 15 4 3
7 66 5 1
8 6 5 2
9 24 5 3
10 67 7 1
11 23 7 4
12 25 8 3
13 61 8 4
5 5 20 2 13 5
0 40 0 0
1 58 0 1
2 11 0 3
3 23 0 4
4 41 1 0
5 35 1 1
6 12 1 2
7 22 1 4
8 6 2 0
9 42 2 1
10 44 2 4
11 38 3 0
12 19 3 1
13 15 3 2
14 49 3 3
15 48 3 4
16 21 4 1
17 33 4 2
18 19 4 3
19 32 4 4
8 3 13 4 9 4
0 61 0 1
1 36 0 2
2 11 1 0
3 32 1 1
4 29 1 2
5 16 2 0
6 53 2 1
7 49 3 0
8 23 4 0
9 58 4 1
10 46 6 1
11 14 6 2
12 26 7 2
4 5 19 4 47 5
0 46 0 1
1 29 0 2
2 66 0 3
3 53 0 4
4 36 1 0
5 19 1 1
6 64 1 2
7 51 1 3
8 15 1 4
9 10 2 0
10 23 2 1
11 6 2 2
12 58 2 3
13 54 2 4
14 43 3 0
15 55 3 1
16 53 3 2
17 41 3 3
18 54 3 4
8 4 18 2 53 5
0 67 0 0
1 41 1 0
2 40 1 1
3 47 1 3
4 59 2 0
5 53 3 0
6 61 3 1
7 50 4 0
8 68 4 1
9 51 4 2
10 35 4 3
11 20 5 0
12 46 6 1
13 66 6 2
14 51 6 3
15 13 7 0
16 40 7 2
17 69 7 3
